0.0 0.5976890756302521 0.3172268907563025 0.47584033613445376 0.6764705882352942 0.6817226890756303 0.6649159663865546 0.6407563025210085 0.6764705882352942 0.48214285714285715
0.5976890756302521 0.0 0.4842436974789916 0.3025210084033613 0.47794117647058826 0.48214285714285715 0.31512605042016806 0.28781512605042014 0.4642857142857143 0.5955882352941176
0.3172268907563025 0.4842436974789916 0.0 0.32037815126050423 0.6323529411764706 0.6439075630252101 0.592436974789916 0.569327731092437 0.6565126050420168 0.32563025210084034
0.47584033613445376 0.3025210084033613 0.32037815126050423 0.0 0.5577731092436975 0.5861344537815126 0.47689075630252103 0.4653361344537815 0.5892857142857143 0.49054621848739494
0.6764705882352942 0.47794117647058826 0.6323529411764706 0.5577731092436975 0.0 0.49369747899159666 0.3277310924369748 0.5598739495798319 0.625 0.6859243697478992
0.6817226890756303 0.48214285714285715 0.6439075630252101 0.5861344537815126 0.49369747899159666 0.0 0.30462184873949577 0.5808823529411765 0.6334033613445378 0.6628151260504201
0.6649159663865546 0.31512605042016806 0.592436974789916 0.47689075630252103 0.3277310924369748 0.30462184873949577 0.0 0.48634453781512604 0.5840336134453782 0.6491596638655462
0.6407563025210085 0.28781512605042014 0.569327731092437 0.4653361344537815 0.5598739495798319 0.5808823529411765 0.48634453781512604 0.0 0.3392857142857143 0.6428571428571429
0.6764705882352942 0.4642857142857143 0.6565126050420168 0.5892857142857143 0.625 0.6334033613445378 0.5840336134453782 0.3392857142857143 0.0 0.6701680672268907
0.48214285714285715 0.5955882352941176 0.32563025210084034 0.49054621848739494 0.6859243697478992 0.6628151260504201 0.6491596638655462 0.6428571428571429 0.6701680672268907 0.0
